% Coordinates may be plotted on top of mit3z12x16r.tif
pt1=[
	167         285
	167         288
	262         285
	282         865
	287         864
	290         864
	334         287
	407         286
	424         214
	437         210
	458         205
	477         297
	477         304
	492         423
	602         187
	607         191
	615         245
	615         247
	644         241
	682         179
	695         180
	696         274
	700         519
	710         508
	711         179
	713         652
	722         273
	725         522
	979         521
	984         651
	988         409
	996         292
	1012         184
	1041         188
	1162         205
	1198         305
	1199         301
	1212         431
	1252         385
	1558         695
	1573         694
	1594         715];
% Coordinates may be plotted on top of mit4z12x16r.tif
pt2=[
	179         429
	179         433
	268         427
	269         997
	274         995
	276         995
	336         428
	406         425
	405         357
	419         352
	438         348
	454         435
	455         441
	467         557
	572         327
	577         330
	586         382
	586         384
	614         378
	647         317
	661         317
	661         408
	663         649
	672         638
	675         316
	673         783
	686         407
	688         652
	942         648
	947         780
	951         536
	959         419
	974         313
	1004         316
	1130         330
	1171         428
	1173         424
	1188         554
	1249         506
	1441         827
	1453         826
	1475         849];

